1 25338U 98030A   19282.52976177  .00000025  00000-0  29214-4 0  9996
2 25338  98.7417 303.5639 0009350 275.5599  84.4515 14.25933955113320
1 25338U 98030A   19282.52976177  .00000025  00000-0  29214-4 0  9996
2 25338  98.7417 303.5639 0009350 275.5599  84.4515 14.25933955113320
1 25338U 98030A   19282.88060771 +.00000029 +00000-0 +31029-4 0  9990
2 25338 098.7417 303.9139 0009353 274.4453 085.5658 14.25934004113123
1 25338U 98030A   19283.51213041  .00000034  00000-0  33126-4 0  9997
2 25338  98.7416 304.5438 0009355 272.4083  87.6025 14.25934124113461
1 25338U 98030A   19283.93314553 +.00000036 +00000-0 +33981-4 0  9994
2 25338 098.7415 304.9638 0009355 271.0449 088.9658 14.25934172113275
