1 28654U 05018A   19282.26923338  .00000079  00000-0  67893-4 0  9990
2 28654  99.0839 330.8595 0013770 217.9175 142.1027 14.12457225741404
1 28654U 05018A   19282.55258486  .00000075  00000-0  65606-4 0  9993
2 28654  99.0838 331.1467 0013786 217.0967 142.9252 14.12457288741443
1 28654U 05018A   19282.83593634 +.00000075 +00000-0 +65431-4 0  9997
2 28654 099.0838 331.4338 0013795 216.2933 143.7303 14.12457343741399
1 28654U 05018A   19283.54431495  .00000066  00000-0  60835-4 0  9995
2 28654  99.0837 332.1518 0013836 214.2634 145.7646 14.12457538741587
1 28654U 05018A   19283.89850427 +.00000066 +00000-0 +60674-4 0  9994
2 28654 099.0836 332.5107 0013846 213.2402 146.7901 14.12457616741545
