1 40069U 14037A   19282.12486549 -.00000034  00000-0  36746-5 0  9994
2 40069  98.5396 323.7392 0004768 298.9339  61.1361 14.20665240272388
1 40069U 14037A   19282.40658325 -.00000041  00000-0  80696-6 0  9990
2 40069  98.5395 324.0111 0004760 297.7828  62.2866 14.20665185272427
1 40069U 14037A   19282.61787162 -.00000045  00000-0 -10577-5 0  9990
2 40069  98.5396 324.2153 0004745 296.9206  63.1488 14.20665152272457
1 40069U 14037A   19282.89958941 -.00000057  00000-0 -68982-5 0  9991
2 40069  98.5394 324.4867 0004742 296.5887  63.4777 14.20664956272496
1 40069U 14037A   19283.18130762 -.00000062  00000-0 -92220-5 0  9995
2 40069  98.5393 324.7594 0004751 295.1200  64.9484 14.20664929272535
1 40069U 14037A   19283.39259602 -.00000063  00000-0 -97437-5 0  9999
2 40069  98.5394 324.9638 0004755 294.3831  65.6852 14.20664914272566
1 40069U 14037A   19283.67431379 -.00000066  00000-0 -10923-4 0  9990
2 40069  98.5395 325.2360 0004738 293.3299  66.7381 14.20664891272609
1 40069U 14037A   19283.88560217 -.00000062  00000-0 -90415-5 0  9998
2 40069  98.5394 325.4398 0004714 292.7958  67.2721 14.20664920272630
